experiment: sensitivity
dataset: triangle-sensitivity-nonlinear
n: 3000
n_realizations: 10
alpha_grid: [0.0, 0.1111111111, 0.2222222222, 0.3333333333, 0.4444444444, 0.5555555556, 0.6666666667, 0.7777777778, 0.8888888889, 1.0]

